25
35 
42
128
159
131
44
140
57
35
11
21
35.968199999999996
34.6107
33.449799999999996
33.168
32.291
31.979000000000003
31.8995
31.934199999999997
31.729200000000002
31.587399999999995
31.831800000000005
31.746499999999997
31.704700000000003
31.4986
31.551699999999993
31.7486
31.464499999999997
31.4918
31.553700000000003
31.7052
31.584999999999997
31.514499999999998
31.6861
31.776099999999996
31.867699999999996
31.8005
31.823200000000003
32.13340000000001
32.11280000000001
32.0263
33.0422
34.01899999999999
34.772800000000004
33.7423
32.8432
32.7003
32.1531
31.922900000000006
31.8359
31.812
31.458199999999998
31.6524
31.680499999999995
31.916200000000003
31.6291
31.567000000000007
31.661100000000005
31.7505
31.4949
31.5534
31.7202
31.767900000000004
31.6603
31.605300000000007
31.808500000000002
31.814899999999994
31.700699999999994
31.6515
31.8582
31.991200000000003
31.9707
31.8228
32.421499999999995
33.178700000000006
32.9191
32.1479
32.1956
32.0458
31.741900000000005
31.6615
31.616499999999995
31.532600000000002
31.4053
31.499999999999993
31.816699999999997
31.806500000000007
31.711199999999998
31.6044
31.7798
31.7495
31.617600000000003
31.615399999999994
31.717399999999998
31.784
31.7519
31.628700000000002
31.843799999999998
31.964499999999997
31.8473
31.8159
31.798099999999998
31.7106
31.635900000000003
31.755399999999998
31.862900000000003
32.0252
31.9981
31.7418
31.79170000000001
31.9972
31.452700000000004
31.410499999999995
31.506999999999994
31.589799999999997
31.5413
31.600699999999996
31.981
31.997899999999998
31.7512
31.7197
31.787
31.934499999999996
31.8251
31.7685
31.971700000000006
31.945
31.8147
31.8627
31.995800000000003
32.0847
31.972500000000004
32.0185
31.907799999999998
31.856100000000005
31.675900000000002
31.553500000000003
31.986200000000004
31.855699999999995
30.735299999999995
30.744600000000002
31.195299999999992
31.1873
31.133700000000005
30.9121
31.192500000000003
31.324899999999996
31.718399999999995
31.883100000000002
32.210699999999996
32.3095
32.2291
32.169
32.4069
32.5094
32.531099999999995
32.5133
32.51819999999999
32.7032
32.57600000000001
32.4798
32.503499999999995
32.49849999999999
32.4584
32.381
32.2978
31.988200000000006
31.756
31.597099999999994
31.732300000000002
31.836000000000002
30.2269
30.441800000000008
30.9517
30.935000000000002
30.795800000000003
30.797199999999997
31.262700000000006
31.410500000000006
31.9164
32.3221
32.8401
32.937
32.8355
32.899300000000004
33.2316
33.215500000000006
33.437200000000004
33.360699999999994
33.4062
33.5313
33.3535
33.220800000000004
33.2222
33.213800000000006
33.02460000000001
32.9079
32.677499999999995
32.48819999999999
31.854200000000002
31.6678
31.827399999999994
31.881999999999998
29.6818
29.7078
30.1427
30.0422
30.2478
30.297800000000002
31.2502
31.750600000000002
32.91879999999999
33.265699999999995
33.75149999999999
33.9365
33.60920000000001
33.474999999999994
33.623000000000005
33.830799999999996
33.78490000000001
33.636900000000004
33.7704
33.816599999999994
33.9496
34.0129
34.4022
34.3088
34.368
34.2325
34.1072
33.7258
32.476099999999995
32.0284
31.549500000000002
31.469
29.145699999999998
29.419099999999997
29.583499999999997
29.463600000000003
29.5807
29.738400000000002
30.579799999999995
31.248199999999997
32.5143
32.74060000000001
33.135400000000004
33.0203
32.314299999999996
32.0636
32.22839999999999
32.4822
32.345699999999994
32.2154
32.110299999999995
32.184799999999996
32.3421
32.6106
33.17999999999999
33.321999999999996
33.6766
33.9496
34.3225
34.08
32.7256
32.1583
31.5709
31.3555
28.745099999999997
28.659399999999998
28.8247
28.2334
26.6937
26.518099999999997
26.9858
27.592599999999997
29.9459
30.404199999999996
31.1873
31.0425
30.201399999999996
29.695399999999996
30.0413
30.2854
30.405700000000003
30.23
29.8154
29.8782
29.989600000000003
30.049400000000002
30.2905
30.329
31.0733
31.3063
31.618500000000004
31.382900000000006
29.5724
29.468400000000003
30.942899999999998
31.139499999999998
28.473899999999997
28.425900000000002
27.741500000000002
26.912599999999998
25.8601
25.7063
26.5873
27.284299999999995
29.630200000000002
30.108400000000007
30.889300000000002
30.6658
29.882299999999997
29.5342
29.709299999999995
29.9925
30.092399999999998
30.002699999999997
29.7532
29.741899999999998
29.8007
29.717100000000006
30.1084
30.206100000000003
31.0637
31.291000000000004
31.2163
30.5537
28.532400000000003
28.6573
30.6349
30.830500000000008
27.988599999999998
27.5742
26.6721
26.2451
25.6399
25.4881
26.145
26.725600000000004
29.0188
29.4758
29.983299999999996
29.865099999999995
29.3962
29.131
29.079499999999996
29.267400000000002
29.403100000000002
29.3635
29.202800000000003
29.239099999999997
29.383500000000005
29.327099999999994
29.842300000000005
30.034299999999995
30.6966
30.756100000000004
30.270099999999996
29.761100000000006
27.7677
27.3858
27.348899999999997
27.5445
27.784100000000002
27.6154
26.686500000000002
26.333999999999996
25.579100000000004
25.530700000000003
26.132599999999996
26.537899999999997
28.589600000000008
29.1453
29.633699999999997
29.5447
29.1373
28.906699999999994
28.8514
28.867399999999996
28.9661
28.894699999999993
28.880800000000004
29.019299999999998
29.108800000000002
29.101500000000005
29.527300000000004
29.746299999999998
30.3695
30.417099999999998
29.939399999999996
29.420500000000004
27.5944
27.3388
27.2911
27.409699999999997
27.748400000000004
27.5345
26.8305
26.452299999999997
25.6276
25.4954
25.892400000000002
26.2948
28.0296
28.6193
29.078699999999998
29.10730000000001
28.753999999999998
28.5231
28.4339
28.343200000000003
28.3048
28.2943
28.4338
28.544
28.615599999999993
28.574399999999997
28.975800000000003
29.211400000000005
29.664599999999997
29.578100000000006
29.2109
28.5688
27.2298
26.9818
27.137600000000003
27.0985
27.7248
27.516400000000004
26.994799999999998
26.5533
25.615999999999996
25.5592
25.825200000000002
26.131100000000004
27.7057
28.375700000000002
28.9474
28.926499999999997
28.4865
28.316000000000003
28.2769
28.252699999999997
28.1527
28.168499999999995
28.316300000000002
28.340599999999995
28.436500000000002
28.4603
28.751599999999996
28.9296
29.313299999999998
29.3649
28.7943
28.3591
27.0805
26.915100000000006
26.983399999999996
27.124000000000002
27.932299999999998
27.386199999999995
26.954200000000004
26.712799999999998
25.8251
25.651100000000003
25.7642
25.9124
27.018600000000003
27.7663
28.456499999999995
28.532
28.222700000000003
28.077500000000004
28.030699999999996
27.9671
27.914499999999997
27.930999999999994
27.945100000000004
28.0539
28.1458
28.125099999999996
28.3671
28.647100000000002
28.894200000000005
28.808199999999992
28.211899999999996
27.625099999999996
26.9101
26.796499999999998
26.788
26.8637
27.7597
27.634400000000007
27.179899999999996
26.687599999999996
25.8171
25.5841
25.806099999999997
25.899099999999997
26.7548
27.5488
28.279299999999996
28.359
28.1197
27.963099999999997
27.9007
27.8892
27.745899999999995
27.747900000000005
27.869300000000003
27.933100000000003
27.9928
28.002499999999998
28.3213
28.4586
28.697799999999994
28.578699999999998
27.963699999999996
27.535500000000003
26.763600000000004
26.7549
26.872300000000006
26.7429
27.9526
27.789000000000005
27.411
27.173900000000003
26.717900000000004
26.5423
26.385400000000004
26.180799999999998
26.6307
27.089499999999997
28.059500000000003
28.042199999999998
27.813299999999998
27.6835
27.7027
27.8014
27.706500000000005
27.6218
27.750600000000002
27.7909
27.849399999999996
27.767900000000004
28.168200000000002
28.223399999999998
28.321800000000003
28.164500000000004
27.402200000000004
27.065199999999997
26.936700000000002
26.7112
26.844900000000003
27.031299999999998
27.877299999999998
27.942199999999996
27.6475
27.5611
27.566999999999997
27.4757
27.3002
27.181399999999996
27.1834
27.4133
27.992
28.0097
27.769
27.7476
27.6487
27.7218
27.625
27.592200000000002
27.730200000000004
27.7172
27.698900000000002
27.7094
28.124800000000004
28.129999999999995
28.2421
28.0908
27.485900000000004
27.4612
27.287
27.0628
27.040900000000004
27.032400000000003
28.267699999999998
28.049100000000003
27.897399999999998
27.7728
28.175100000000004
28.164499999999997
28.4093
28.388599999999997
28.271499999999996
28.130200000000002
28.192500000000003
28.1613
28.005200000000002
27.8778
27.8504
27.841400000000004
27.845999999999997
27.754
27.8465
27.9364
27.9805
27.990799999999997
28.159000000000002
28.3833
28.5188
28.3627
28.4868
28.525100000000002
28.1762
27.6581
27.073999999999995
27.058000000000003
28.2189
28.1024
27.9335
27.8644
28.134900000000005
28.3904
28.5238
28.6399
28.3959
28.302799999999998
28.451999999999998
28.4284
28.259500000000003
28.278099999999995
28.3183
28.1967
28.2459
28.205100000000005
28.365999999999996
28.338899999999995
28.325200000000002
28.3336
28.645
28.716700000000003
28.598300000000002
28.557499999999994
28.756999999999998
28.67779999999999
28.270699999999998
27.752499999999998
27.2639
27.303499999999996
28.5113
28.140200000000004
28.1647
27.9598
28.2322
28.506700000000002
28.842600000000004
28.825499999999998
28.8636
28.698
28.9252
28.946900000000007
28.834699999999998
28.858300000000003
29.086000000000002
28.9835
29.010999999999996
28.9985
29.2423
29.0982
29.0753
28.960700000000003
29.166499999999996
29.231399999999997
29.135400000000004
28.922499999999996
29.044400000000003
29.04029999999999
28.232300000000002
27.540400000000005
27.433699999999998
27.5827
28.648499999999995
28.3875
28.133200000000006
27.945299999999996
28.1498
28.7063
29.107099999999996
29.156199999999995
28.910000000000004
28.8439
29.015499999999996
29.187599999999996
29.0623
29.080899999999996
29.2723
29.306599999999996
29.2455
29.275
29.360599999999998
29.420300000000005
29.237100000000005
29.213900000000002
29.3748
29.368599999999997
29.1376
29.052100000000003
29.192500000000003
29.196800000000003
28.066400000000005
27.585799999999995
27.5443
27.5294
29.314600000000002
28.634599999999995
28.457100000000004
28.343899999999998
28.240499999999997
28.614000000000004
29.7911
29.5433
29.4861
29.331
29.477500000000003
29.496000000000002
29.599399999999996
29.475100000000005
29.695
29.7964
29.863400000000002
29.798400000000004
29.985400000000006
29.869499999999995
29.6978
29.5137
29.675400000000003
29.645999999999997
29.4654
29.378500000000003
29.4377
29.1702
27.885900000000003
27.500500000000006
27.869600000000002
27.774899999999995
29.8733
28.9183
28.581599999999998
28.556100000000004
28.064
28.515199999999993
29.9061
29.7669
29.5483
29.570800000000002
29.7558
29.6875
29.6573
29.6786
29.9129
30.0048
29.986399999999996
30.0661
30.1466
30.0865
29.818299999999994
29.7939
29.8812
29.795500000000004
29.542899999999996
29.442400000000003
29.539700000000003
29.094500000000004
27.855
27.825800000000005
27.730200000000004
27.997900000000005
