35.145
33.205
32.878
32.124
31.714
31.847
31.482
31.735
31.489
31.447
31.577
31.486
31.413
31.193
31.381
31.293
31.227
31.256
31.395
31.326
31.314
31.261
31.372
31.434
31.552
31.76
31.398
31.517
31.654
31.441
32.325
32.965
33.381
32.594
32.331
31.785
31.967
31.482
31.568
31.222
31.033
31.521
31.366
31.534
31.235
31.483
31.421
31.555
31.392
31.296
31.424
31.372
31.367
31.306
31.457
31.465
31.333
31.414
31.63
31.571
31.565
31.34
31.44
32.724
32.356
31.449
32.003
31.42
31.413
31.069
31.305
31.299
31.053
31.164
31.502
31.522
31.453
31.433
31.753
31.415
31.353
31.346
31.44
31.238
31.508
31.427
31.548
31.528
31.474
31.559
31.382
31.233
31.331
31.43
31.414
31.627
31.401
31.147
31.077
31.69
30.922
31.163
31.246
31.24
31.259
31.439
31.657
31.564
31.485
31.467
31.583
31.754
31.707
31.509
31.685
31.873
31.549
31.682
31.58
31.904
31.884
31.964
31.455
31.563
31.414
31.359
31.692
31.308
30.425
30.471
30.895
30.561
31.022
30.615
30.743
30.926
31.602
31.715
31.958
32.048
31.935
31.941
32.283
32.416
32.536
32.354
32.277
32.53
32.32
32.242
32.29
32.202
32.308
32.224
32.029
31.642
31.505
31.361
31.126
31.283
29.801
29.94
30.582
30.68
30.481
30.602
31.075
31.013
31.879
32.069
32.49
32.746
32.508
32.782
32.927
33.041
33.331
33.313
33.08
33.439
33.164
33.004
33.087
33.041
32.975
32.468
32.334
32.318
31.599
31.443
31.547
31.57
29.213
29.694
29.605
29.735
29.9
30.129
31.008
31.663
32.764
33.182
33.585
33.659
33.479
33.379
33.337
33.726
33.596
33.529
33.549
33.845
33.746
33.848
34.196
34.191
34.123
34.042
33.836
33.492
32.066
31.774
31.271
31.142
28.753
29.235
29.054
29.054
29.176
29.528
30.234
31.079
32.412
32.549
32.999
32.713
32.169
31.813
31.954
32.231
32.313
31.923
31.831
32.021
32.226
32.302
33.014
32.912
33.561
33.657
33.972
33.744
32.155
31.873
31.113
30.8
28.399
28.294
28.631
27.688
26.518
26.23
26.761
27.461
29.77
30.112
30.916
30.83
29.836
29.507
29.819
29.91
30.261
30.152
29.577
29.757
29.84
29.792
29.991
30.044
30.917
31.103
31.38
31.156
29.157
29.082
30.441
30.856
28.292
28.187
27.349
26.397
25.518
25.494
26.516
27.073
29.503
29.856
30.563
30.492
29.686
29.278
29.418
29.752
29.95
29.833
29.748
29.607
29.604
29.548
30.005
30.134
30.92
31.093
31.054
30.158
28.227
28.226
30.029
30.553
27.662
27.107
26.355
25.731
25.384
25.124
25.875
26.521
28.825
29.458
29.861
29.771
29.162
28.937
28.859
29.098
29.31
29.252
29.095
29.104
29.173
29.189
29.535
29.832
30.494
30.649
30.071
29.479
27.543
27.023
26.854
27.148
27.413
27.468
26.141
25.92
25.443
25.296
25.833
26.368
28.397
28.952
29.366
29.287
28.953
28.645
28.725
28.638
28.798
28.809
28.64
28.871
28.867
28.804
29.295
29.581
30.223
30.191
29.464
29.078
27.451
26.945
26.912
27.174
27.398
27.065
26.48
26.004
25.395
25.108
25.492
25.976
27.838
28.409
28.844
28.939
28.547
28.383
28.235
28.169
28.09
28.11
28.157
28.398
28.446
28.382
28.853
29.124
29.473
29.321
28.944
28.215
26.93
26.712
26.526
26.749
27.6
27.266
26.527
26.284
25.338
25.252
25.628
25.904
27.595
28.255
28.797
28.71
28.325
28.169
27.945
28.033
28.045
27.9
28.179
28.1
28.227
28.164
28.62
28.704
29.049
29.175
28.34
28.133
26.852
26.623
26.694
26.763
27.738
27.297
26.567
26.62
25.449
25.54
25.621
25.683
26.946
27.616
28.27
28.283
28.059
28.011
27.768
27.765
27.676
27.797
27.751
27.831
27.865
28.05
28.164
28.415
28.743
28.589
27.894
27.226
26.48
26.476
26.34
26.596
27.34
27.358
26.871
26.275
25.357
25.365
25.538
25.494
26.699
27.383
28.04
28.126
28.01
27.706
27.786
27.703
27.624
27.565
27.617
27.767
27.726
27.811
28.185
28.343
28.592
28.321
27.61
27.245
26.39
26.483
26.382
26.35
27.839
27.258
27.071
26.811
26.478
26.233
26.129
26.04
26.389
26.93
27.808
27.734
27.624
27.633
27.484
27.585
27.501
27.449
27.655
27.478
27.744
27.593
28.042
27.968
28.174
28.076
27.209
26.625
26.678
26.651
26.584
26.681
27.588
27.608
27.371
27.371
27.103
27.283
26.989
26.884
26.987
27.226
27.825
27.838
27.549
27.47
27.326
27.521
27.44
27.378
27.417
27.568
27.494
27.516
27.877
27.79
28.014
27.893
27.224
27.19
27.075
27.029
26.588
26.546
27.983
27.703
27.55
27.299
27.868
27.904
28.075
28.199
27.956
27.976
28.128
27.869
27.849
27.655
27.581
27.6
27.578
27.521
27.608
27.588
27.785
27.714
27.909
28.191
28.247
28.256
28.284
28.392
27.938
27.45
26.88
26.542
27.878
27.91
27.593
27.453
27.907
28.174
28.105
28.437
28.186
28.207
28.153
28.243
28.126
28.203
27.938
28.125
27.939
27.951
28.131
28.205
28.162
28.088
28.228
28.492
28.269
28.261
28.527
28.401
27.836
27.465
26.747
26.878
28.442
27.945
27.625
27.496
27.922
28.316
28.39
28.822
28.639
28.435
28.76
28.753
28.585
28.407
29.052
28.685
28.771
28.783
29.05
28.866
28.947
28.771
28.853
29.076
28.852
28.743
28.722
28.855
27.596
27.162
27.059
26.878
28.155
28.021
27.824
27.379
27.962
28.501
28.669
28.876
28.571
28.693
28.895
28.991
28.899
28.994
28.996
28.993
29.172
29.101
29.098
29.278
28.998
29.011
29.197
29.104
28.987
28.79
28.886
28.88
27.627
27.316
27.08
27.198
28.579
28.197
28.174
28.005
27.832
28.128
29.471
29.207
29.19
28.857
29.189
29.274
29.267
29.364
29.467
29.556
29.64
29.653
29.766
29.579
29.571
29.281
29.512
29.428
29.201
29.098
29.106
28.851
27.484
27.194
27.42
27.25
29.202
28.512
28.124
28.275
27.922
28.109
29.589
29.565
29.395
29.169
29.388
29.472
29.552
29.646
29.452
29.953
29.826
29.849
29.861
29.953
29.551
29.579
29.498
29.284
29.284
29.194
29.065
28.784
27.551
27.408
27.121
27.462
