35.462
34.391
33.261
32.983
32.262
31.844
31.522
31.731
31.649
31.577
31.718
31.61
31.42
31.428
31.27
31.761
31.464
31.368
31.283
31.562
31.442
31.379
31.648
31.56
31.717
31.617
31.748
31.99
31.709
31.964
32.69
34.145
33.779
33.15
32.537
32.246
31.963
31.368
31.711
31.684
31.292
31.537
31.484
31.916
31.461
31.256
31.531
31.557
31.501
31.296
31.646
31.491
31.365
31.311
31.829
31.477
31.73
31.3
31.626
31.763
31.725
31.221
32.06
32.599
32.817
32.15
31.889
31.922
31.449
31.498
31.193
31.428
31.417
31.279
31.503
31.856
31.657
31.534
31.434
31.721
31.344
31.641
31.539
31.65
31.612
31.638
31.662
31.874
31.726
31.801
31.677
31.651
31.367
31.577
31.654
31.991
31.395
31.44
31.571
31.739
31.348
31.049
31.499
31.256
31.487
31.441
32.086
31.996
31.583
31.557
31.882
31.644
31.705
31.495
31.784
31.763
31.858
31.778
31.905
31.792
31.881
31.97
31.845
31.584
31.41
31.243
31.516
31.364
30.505
30.645
31.089
31.011
30.91
31.007
30.997
31.278
31.707
31.819
32.149
32.145
32.106
32.125
32.082
32.414
32.337
32.44
32.534
32.806
32.593
32.431
32.381
32.407
32.198
32.332
32.04
32.02
31.662
31.497
31.484
31.768
29.979
30.341
30.881
30.714
30.737
30.745
31.191
31.017
31.876
32.372
32.876
32.925
32.867
32.672
33.281
33.108
33.329
33.204
33.342
33.331
33.162
33.08
33.181
33.031
32.973
32.68
32.569
32.328
31.596
31.464
31.542
31.612
29.601
29.365
30.2
29.872
30.16
30.369
31.117
31.769
32.752
33.18
33.653
33.924
33.371
33.544
33.396
33.808
33.652
33.609
33.693
33.843
33.811
34.02
34.181
34.375
34.211
34.138
33.839
33.489
32.203
31.897
31.303
31.29
28.913
29.277
29.47
29.215
29.542
29.772
30.664
31.182
32.409
32.626
33.169
32.956
32.334
31.952
32.281
32.537
32.23
32.058
32.163
31.996
32.394
32.452
33.193
33.264
33.752
33.84
34.297
33.857
32.517
31.883
31.395
31.131
28.763
28.591
28.784
28.088
26.643
26.462
26.863
27.563
29.848
30.382
31.15
31.0
30.057
29.587
29.869
30.315
30.308
30.15
29.627
29.836
29.812
29.959
30.146
30.315
30.807
31.392
31.585
31.478
29.403
29.577
30.875
31.135
28.131
28.218
27.878
26.817
25.994
25.493
26.406
27.166
29.689
29.834
30.9
30.551
29.848
29.328
29.733
29.883
30.103
29.879
29.666
29.576
29.684
29.52
30.003
30.112
31.011
30.981
31.155
30.368
28.343
28.605
30.568
30.576
27.698
27.552
26.373
26.262
25.506
25.348
25.759
26.822
28.897
29.368
29.835
29.769
29.368
29.093
28.825
29.175
29.276
29.405
28.984
29.182
29.143
29.268
29.847
30.006
30.748
30.74
30.062
29.688
27.543
27.507
27.292
27.286
27.714
27.35
26.542
26.067
25.321
25.29
26.25
26.353
28.577
29.017
29.619
29.341
29.186
28.768
28.722
28.761
28.948
28.697
28.796
28.759
29.108
28.934
29.631
29.645
30.311
30.171
29.973
29.174
27.564
27.311
27.183
27.195
27.734
27.49
26.622
26.383
25.509
25.438
25.786
26.371
27.816
28.583
29.066
29.02
28.592
28.619
28.28
28.323
28.208
28.261
28.28
28.632
28.416
28.461
28.741
29.298
29.361
29.599
28.932
28.423
27.168
27.067
26.948
27.026
27.747
27.43
26.782
26.166
25.45
25.245
25.728
25.986
27.775
27.963
28.96
28.847
28.323
28.136
28.177
28.153
28.196
27.864
28.412
28.145
28.306
28.455
28.788
28.766
29.319
29.248
28.747
28.229
27.084
26.863
26.959
26.783
27.619
27.586
26.847
26.488
25.674
25.537
25.505
25.988
26.923
27.703
28.326
28.529
28.106
28.009
27.813
28.0
27.878
28.027
27.876
27.909
27.918
28.048
28.224
28.591
28.909
28.773
27.989
27.656
26.836
26.593
26.773
26.733
27.932
27.531
26.999
26.415
25.583
25.357
25.637
25.791
26.788
27.357
28.206
28.262
28.088
27.751
27.941
27.669
27.622
27.608
27.854
27.895
27.973
27.863
28.356
28.319
28.496
28.3
27.818
27.346
26.743
26.362
26.791
26.369
28.031
27.856
27.221
27.072
26.479
26.344
26.118
26.037
26.464
27.02
27.782
27.991
27.676
27.631
27.534
27.663
27.709
27.527
27.623
27.722
27.802
27.59
27.928
28.147
28.156
28.074
27.202
27.072
26.681
26.648
26.605
26.822
27.74
27.639
27.501
27.252
27.335
27.052
27.091
26.872
27.176
27.482
27.911
27.811
27.715
27.523
27.654
27.569
27.681
27.344
27.662
27.62
27.665
27.574
28.148
27.95
28.204
28.076
27.33
27.298
27.192
26.909
27.01
26.719
28.187
28.162
27.713
27.706
27.992
28.134
28.178
28.41
28.139
27.974
28.014
28.048
27.906
28.0
27.725
27.937
27.636
27.604
27.833
27.929
27.761
27.89
27.984
28.285
28.535
28.253
28.281
28.505
27.821
27.317
26.76
26.846
28.037
27.945
28.016
27.612
28.025
28.293
28.432
28.43
28.283
28.189
28.335
28.22
28.123
28.176
28.284
28.183
28.282
28.009
28.385
28.177
28.25
28.155
28.608
28.574
28.675
28.354
28.637
28.402
28.342
27.344
27.044
26.91
28.319
28.106
28.104
27.781
28.062
28.313
28.62
28.704
28.629
28.639
28.744
28.945
28.656
28.955
29.028
28.862
28.747
28.87
29.119
28.955
29.024
28.865
28.941
29.174
28.844
28.74
28.605
28.975
27.889
27.44
27.258
27.367
28.511
28.066
27.818
27.556
27.826
28.511
29.133
28.875
28.782
28.576
28.891
28.975
28.99
28.879
29.176
29.155
29.26
29.078
29.188
29.256
29.285
28.993
29.193
29.197
28.983
28.786
29.129
28.888
28.039
27.482
27.561
27.072
28.866
28.565
28.214
28.315
27.855
28.534
29.354
29.328
29.415
29.304
29.29
29.27
29.455
29.461
29.452
29.752
29.821
29.748
29.752
29.775
29.457
29.485
29.507
29.538
29.085
29.332
29.12
28.982
27.662
27.189
27.47
27.603
29.652
28.78
28.447
28.311
27.916
28.263
29.964
29.573
29.274
29.28
29.819
29.573
29.444
29.53
29.856
29.734
29.822
29.932
30.161
29.837
29.862
29.673
29.719
29.514
29.28
29.195
29.193
28.8
27.545
27.436
27.65
27.702
