34.683
33.883
33.371
33.306
32.205
31.737
31.934
31.773
31.621
31.469
31.7
31.632
31.646
31.439
31.495
31.889
31.34
31.261
31.626
31.693
31.311
31.636
31.756
31.712
31.548
31.509
31.857
32.041
31.989
32.031
33.043
34.328
34.88
33.604
32.851
32.739
32.172
31.637
31.75
31.793
31.577
31.518
31.62
32.024
31.583
31.48
31.649
31.778
31.283
31.404
31.764
31.829
31.488
31.654
31.721
31.836
31.622
31.545
31.816
32.026
31.779
31.836
32.574
33.203
32.055
32.041
32.343
32.151
31.557
31.535
31.567
31.454
31.168
31.406
31.834
31.637
31.555
31.531
31.75
31.82
31.451
31.435
31.75
31.959
31.612
31.638
31.77
31.999
31.834
31.816
31.921
31.684
31.477
31.621
31.942
31.696
32.035
31.757
31.63
32.011
31.384
31.298
31.52
31.493
31.61
31.549
31.872
32.104
31.578
31.665
31.675
32.149
31.696
31.7
31.88
31.77
31.752
31.989
31.908
32.124
31.891
31.841
31.869
31.966
31.591
31.354
32.264
32.006
30.616
30.537
31.353
31.205
31.018
30.769
31.228
31.407
31.599
31.712
32.155
32.238
32.305
32.204
32.465
32.579
32.534
32.511
32.64
32.608
32.604
32.325
32.689
32.611
32.413
32.447
32.393
31.912
31.636
31.528
31.75
31.985
30.051
30.108
30.924
30.824
31.016
30.47
31.203
31.472
31.978
32.273
32.868
33.128
32.852
32.958
33.176
33.301
33.4
33.225
33.501
33.706
33.333
33.002
33.172
33.339
33.076
32.896
32.582
32.437
31.75
31.438
31.891
32.042
29.376
29.744
30.451
30.183
30.145
30.261
31.334
31.771
32.858
33.264
33.933
34.085
33.644
33.356
33.75
33.87
33.757
33.585
33.798
33.907
33.829
33.915
34.469
34.456
34.413
34.33
34.056
33.612
32.435
31.915
31.267
31.333
28.968
29.23
29.361
29.464
29.679
29.764
30.557
31.397
32.589
32.64
33.15
33.062
32.228
32.142
32.176
32.643
32.286
32.165
31.974
32.187
32.203
32.645
33.087
33.371
33.454
33.849
34.409
34.075
32.532
32.118
31.715
31.393
28.554
28.632
28.895
28.247
26.635
26.352
26.975
27.559
30.051
30.365
31.257
31.065
30.0
29.561
30.057
30.29
30.337
30.202
29.895
29.81
30.003
30.021
30.254
30.39
31.103
31.285
31.693
31.262
29.273
29.219
30.848
31.026
28.335
28.479
27.635
26.797
25.644
25.491
26.403
27.174
29.581
30.303
30.793
30.66
29.822
29.598
29.705
30.072
29.996
29.909
29.717
29.846
29.822
29.629
30.07
30.311
30.996
31.09
31.152
30.586
28.472
28.47
30.595
30.97
27.658
27.292
26.757
26.152
25.62
25.577
26.19
26.713
28.914
29.437
30.028
29.828
29.397
29.143
29.168
29.302
29.308
29.298
29.252
29.155
29.333
29.16
29.786
29.899
30.765
30.632
30.274
29.685
27.656
27.275
27.406
27.601
27.756
27.317
26.7
26.314
25.684
25.517
26.035
26.666
28.559
29.039
29.681
29.616
29.078
28.8
28.924
28.948
28.916
28.807
28.845
29.108
29.162
29.045
29.439
29.755
30.385
30.467
29.866
29.602
27.337
27.062
27.482
27.311
27.545
27.664
26.993
26.401
25.392
25.549
26.001
26.361
28.017
28.651
29.092
28.995
28.78
28.432
28.468
28.37
28.317
28.153
28.624
28.524
28.607
28.595
29.021
29.19
29.561
29.491
29.247
28.419
27.162
26.717
27.196
27.056
27.787
27.262
27.058
26.665
25.568
25.691
25.822
26.1
27.757
28.429
28.935
28.874
28.372
28.246
28.304
28.342
28.087
28.051
28.304
28.414
28.359
28.323
28.509
28.965
29.301
29.266
28.843
28.551
26.856
26.739
26.983
27.322
28.031
27.329
26.828
26.764
25.787
25.538
25.822
26.084
26.943
27.683
28.52
28.586
28.136
28.057
28.081
27.892
27.831
27.841
27.907
28.122
28.028
28.022
28.507
28.661
28.741
28.758
28.205
27.655
26.831
26.723
26.749
27.048
27.969
27.5
27.153
26.786
25.815
25.361
25.935
25.802
26.769
27.558
28.267
28.373
27.899
27.862
27.833
27.939
27.828
27.798
27.904
28.006
28.03
27.975
28.161
28.52
28.573
28.601
27.919
27.568
26.632
26.721
26.954
27.056
27.678
27.596
27.603
27.095
26.592
26.461
26.336
26.136
26.481
27.003
28.069
28.142
27.704
27.605
27.808
27.797
27.659
27.657
27.734
27.943
27.741
27.738
28.31
28.22
28.266
28.063
27.424
26.962
26.794
26.536
26.719
27.293
27.785
27.905
27.526
27.633
27.46
27.393
27.192
27.196
27.065
27.316
27.979
28.011
27.941
27.803
27.545
27.762
27.653
27.456
27.8
27.731
27.73
27.686
28.13
28.246
28.191
27.989
27.33
27.412
27.442
27.024
27.041
27.132
27.977
27.897
27.827
27.868
27.864
28.024
28.398
28.301
28.151
28.156
28.216
28.303
28.017
27.891
27.836
27.829
27.661
27.665
27.859
27.907
27.961
27.871
28.095
28.273
28.546
28.35
28.506
28.395
28.06
27.593
27.024
27.043
28.254
27.748
27.905
27.866
28.036
28.17
28.433
28.651
28.473
28.204
28.411
28.424
28.186
28.111
28.436
28.294
28.173
28.208
28.533
28.462
28.231
28.267
28.689
28.587
28.565
28.467
28.755
28.634
28.104
27.46
27.234
27.028
28.61
28.159
28.219
27.96
27.917
28.456
28.848
28.824
28.74
28.737
28.953
28.934
28.858
28.755
29.138
28.935
28.857
28.941
29.321
29.031
29.039
28.948
29.354
29.167
29.062
28.854
29.081
28.865
27.866
27.328
27.373
27.584
28.397
28.184
28.011
28.119
28.241
28.496
29.023
29.219
28.779
28.794
28.982
29.285
29.068
29.178
29.25
29.266
29.151
29.281
29.357
29.461
29.273
29.204
29.29
29.414
29.092
28.785
29.142
29.383
28.205
27.455
27.772
27.696
29.189
28.825
28.491
28.204
27.969
28.56
29.963
29.592
29.413
29.195
29.51
29.483
29.666
29.352
29.762
29.744
29.832
29.64
30.062
29.967
29.671
29.377
29.728
29.656
29.433
29.223
29.364
29.278
27.627
27.683
28.28
27.849
29.764
28.504
28.499
28.43
27.948
28.38
29.981
29.687
29.511
29.623
29.6
29.686
29.541
29.539
29.849
30.153
29.813
30.044
30.052
30.051
29.857
29.68
30.058
29.859
29.409
29.31
29.619
29.193
27.885
27.71
27.714
28.19
