35.884
34.257
33.486
33.067
31.906
31.712
31.953
32.046
31.488
31.445
31.567
31.607
31.75
31.296
31.362
31.747
31.323
31.466
31.727
31.787
31.536
31.368
31.494
31.687
31.692
31.763
31.878
32.176
31.854
31.831
32.665
34.01
34.453
33.466
33.038
32.605
31.989
31.821
31.872
31.946
31.159
31.384
31.595
31.768
31.444
31.461
31.624
31.645
31.369
31.271
31.627
31.581
31.578
31.404
31.697
31.702
31.597
31.546
31.94
32.044
31.917
31.7
32.343
33.065
32.21
31.782
32.209
31.79
31.571
31.654
31.698
31.562
31.273
31.381
31.478
31.725
31.632
31.506
31.618
31.59
31.621
31.41
31.722
31.623
31.586
31.292
31.75
31.858
31.701
31.669
31.652
31.659
31.343
31.444
31.984
31.857
31.761
31.621
31.772
32.04
31.359
31.442
31.368
31.488
31.355
31.416
31.955
31.863
31.553
31.632
31.75
31.917
31.769
31.663
31.855
31.938
31.519
31.545
32.101
31.991
31.982
31.826
31.714
31.696
31.566
31.515
31.726
31.869
30.481
30.156
31.065
31.03
30.884
30.612
31.216
31.265
31.467
31.793
32.124
32.214
32.174
31.993
32.517
32.374
32.403
32.397
32.417
32.676
32.472
32.3
32.356
32.379
32.281
32.311
32.26
32.141
31.637
31.364
31.616
31.472
29.844
30.317
30.899
30.838
30.345
30.592
31.297
31.454
31.744
32.347
32.649
32.708
32.736
32.647
33.329
33.083
33.375
33.349
33.388
33.306
33.216
33.147
33.147
33.207
32.946
32.871
32.677
32.303
31.725
31.439
31.714
31.747
29.576
29.231
29.892
30.019
30.135
30.115
31.311
31.747
32.824
33.239
33.803
33.883
33.514
33.33
33.62
33.845
33.626
33.478
33.751
33.629
33.956
33.89
34.338
34.245
34.185
34.008
34.037
33.815
32.426
31.89
31.424
31.614
28.778
29.093
29.476
29.329
29.408
29.629
30.532
31.05
32.373
32.601
33.039
33.019
32.203
31.927
32.233
32.346
32.342
32.032
32.032
32.055
32.178
32.513
33.062
33.239
33.525
33.913
34.276
33.943
32.507
31.983
31.405
31.555
28.578
28.457
28.625
28.357
26.498
26.445
27.055
27.534
29.728
30.25
31.21
31.04
30.115
29.618
30.004
30.265
30.205
30.018
29.762
29.785
29.87
29.826
30.386
30.274
30.97
31.163
31.349
31.346
29.258
29.319
30.987
31.002
28.624
28.342
27.61
26.927
25.857
25.469
26.485
27.038
29.555
29.99
30.853
30.611
29.633
29.464
29.601
29.939
29.971
29.854
29.692
29.632
29.633
29.663
30.045
30.087
30.971
31.244
31.023
30.451
28.447
28.457
30.571
30.552
27.521
27.417
26.62
26.127
25.482
25.212
26.265
26.687
28.963
29.324
29.81
29.803
29.264
28.96
29.19
29.199
29.327
29.195
29.197
29.29
29.2
29.054
29.652
29.962
30.541
30.607
29.933
29.555
27.635
27.25
27.268
27.435
27.731
27.767
26.675
26.175
25.54
25.491
26.115
26.429
28.352
28.992
29.571
29.399
28.974
28.822
28.899
28.892
28.739
28.749
28.82
28.894
28.893
28.829
29.499
29.62
30.36
30.24
29.943
29.361
27.196
27.166
27.184
27.171
27.558
27.497
26.856
26.63
25.485
25.413
25.761
26.237
27.973
28.538
28.958
29.137
28.567
28.327
28.333
28.345
28.106
28.204
28.333
28.42
28.553
28.569
28.972
29.341
29.518
29.373
29.112
28.605
27.144
26.692
27.192
27.172
27.46
27.548
27.163
26.398
25.313
25.553
25.797
26.162
27.549
28.293
28.827
28.905
28.426
28.27
28.278
28.207
27.909
28.069
28.122
28.279
28.253
28.511
28.825
28.83
29.185
29.224
28.613
28.204
26.831
26.84
26.958
27.182
27.893
27.158
26.955
26.61
25.763
25.513
25.582
25.854
26.898
27.746
28.385
28.395
28.081
27.875
27.945
27.945
27.775
27.738
27.851
28.016
28.141
28.079
28.199
28.547
28.791
28.546
28.173
27.739
26.812
26.577
26.748
26.739
27.498
27.507
27.26
26.391
25.675
25.555
25.706
25.87
26.469
27.332
28.157
28.238
28.034
27.885
27.808
27.803
27.566
27.662
27.8
27.951
27.839
27.922
28.223
28.294
28.548
28.276
27.789
27.322
26.725
26.703
26.655
26.488
27.851
27.571
27.331
27.07
26.573
26.322
26.304
25.902
26.44
26.978
27.845
28.031
27.651
27.58
27.591
27.691
27.604
27.472
27.68
27.671
27.777
27.627
28.085
28.195
28.131
28.038
27.396
27.049
26.897
26.635
26.58
26.978
27.76
27.918
27.77
27.495
27.317
27.369
27.378
27.058
27.231
27.272
27.954
27.962
27.748
27.583
27.52
27.626
27.384
27.562
27.692
27.512
27.531
27.636
28.014
28.11
28.069
28.052
27.415
27.501
27.055
26.885
27.016
26.991
28.325
27.872
27.97
27.844
28.088
27.999
28.371
28.276
28.114
27.839
28.172
28.187
27.881
27.692
27.786
27.804
27.782
27.64
27.808
27.882
27.826
27.935
28.149
28.249
28.107
28.118
28.256
28.603
27.923
27.439
26.885
26.865
28.229
27.921
28.023
27.727
28.133
28.15
28.519
28.623
28.348
28.165
28.386
28.473
28.161
28.151
28.237
28.158
28.148
28.158
28.251
28.239
28.116
28.222
28.76
28.55
28.438
28.435
28.617
28.378
28.207
27.582
27.059
27.356
28.471
27.805
28.08
27.936
28.296
28.304
28.711
28.685
28.815
28.505
28.916
28.715
28.907
28.729
28.913
29.0
28.991
28.916
29.095
29.189
28.904
28.827
29.017
29.143
29.033
28.829
28.945
29.213
28.275
27.445
27.074
27.396
28.736
28.38
28.14
27.979
27.821
28.615
28.999
29.082
28.754
28.657
28.857
29.149
28.95
28.948
29.225
29.222
29.034
29.145
29.332
29.419
29.151
29.067
29.162
29.277
29.067
28.99
28.994
28.992
27.764
27.603
27.099
27.218
29.253
28.242
28.19
28.022
28.115
28.399
29.827
29.568
29.277
29.282
29.482
29.565
29.531
29.327
29.527
29.819
29.698
29.712
29.927
29.742
29.536
29.248
29.593
29.291
29.297
29.198
29.359
28.983
27.638
27.355
27.968
27.466
29.97
28.757
28.971
28.45
27.779
28.378
29.575
29.676
29.371
29.256
29.685
29.659
29.516
29.505
29.824
29.915
29.788
29.907
30.027
29.915
29.623
29.649
29.697
29.721
29.504
29.293
29.461
29.054
27.71
28.031
27.868
27.679
