36.34
34.378
33.745
33.183
32.576
31.992
32.114
32.013
31.633
31.693
32.081
31.723
31.642
31.649
31.723
31.862
31.448
31.697
31.502
31.665
31.664
31.606
31.503
31.803
31.978
31.88
31.888
32.292
32.203
32.124
32.676
33.538
34.979
34.152
32.733
33.187
32.106
32.149
31.842
31.813
31.538
31.522
31.59
32.024
31.902
31.699
31.74
31.881
31.707
31.614
31.743
31.82
31.808
31.531
31.813
31.961
31.713
31.69
31.759
31.902
32.035
31.878
32.461
33.32
33.095
32.135
32.219
32.242
31.581
31.77
31.576
31.545
31.52
31.731
31.934
31.84
31.746
31.724
31.835
31.91
31.63
31.724
31.835
31.842
31.703
31.729
31.872
31.858
31.952
31.908
31.797
31.776
31.803
31.866
31.817
31.977
31.881
32.04
31.722
32.213
31.475
31.59
31.483
31.754
31.586
31.652
31.962
31.981
31.769
31.742
31.865
31.926
31.982
31.866
31.969
31.847
32.049
31.969
31.998
32.224
32.098
31.955
31.961
31.977
31.828
31.377
31.844
31.88
30.491
30.808
31.075
31.146
31.158
30.86
31.347
31.262
31.798
31.908
32.133
32.427
32.183
32.201
32.435
32.397
32.504
32.6
32.518
32.697
32.482
32.701
32.566
32.494
32.614
32.426
32.515
31.877
31.647
31.761
31.783
32.079
30.146
30.327
30.714
31.143
30.85
30.859
31.175
31.463
32.068
32.253
32.86
32.813
32.94
33.015
33.265
33.179
33.664
33.359
33.413
33.585
33.422
33.341
33.358
33.216
33.061
33.095
32.792
32.558
31.842
31.721
31.983
32.075
29.586
29.675
29.902
29.996
30.269
30.232
31.321
31.861
33.124
33.258
33.724
33.996
33.691
33.611
33.629
33.958
33.717
33.755
33.676
33.826
34.051
34.09
34.348
34.358
34.39
34.419
34.158
33.815
32.56
32.007
31.434
31.427
29.392
29.581
29.594
29.476
29.526
29.757
30.756
31.274
32.678
32.797
33.325
33.116
32.318
32.102
32.183
32.438
32.375
32.204
32.147
32.233
32.378
32.609
32.995
33.433
33.831
33.922
34.389
34.285
32.865
32.118
31.522
31.714
28.748
28.875
28.769
28.341
26.869
26.564
26.957
27.757
29.833
30.456
31.048
31.155
30.454
29.897
29.933
30.462
30.604
30.293
29.771
29.82
30.044
30.112
30.307
30.208
31.262
31.472
31.675
31.462
29.748
29.437
30.997
31.12
28.587
28.648
27.863
26.937
25.74
25.828
26.605
27.463
29.766
30.089
30.968
30.536
29.994
29.635
29.796
30.029
30.087
30.022
29.888
29.802
29.913
29.672
30.161
30.187
31.18
31.349
31.243
30.568
28.447
28.715
30.553
30.844
28.296
27.835
26.765
26.247
25.729
25.446
26.169
26.807
29.064
29.617
30.074
29.753
29.431
29.234
29.043
29.315
29.413
29.466
29.285
29.246
29.372
29.496
29.831
29.99
30.641
30.817
30.355
29.778
27.645
27.492
27.278
27.556
27.852
27.924
27.063
26.45
25.662
25.501
26.131
26.639
28.652
29.179
29.688
29.492
29.17
28.988
28.707
28.823
29.084
28.989
28.937
28.903
29.173
29.162
29.615
29.806
30.566
30.528
29.856
29.265
27.78
27.418
27.305
27.747
28.022
27.617
26.866
26.496
25.61
25.644
25.874
26.257
27.983
28.655
29.134
29.17
28.89
28.682
28.578
28.462
28.345
28.397
28.421
28.616
28.644
28.606
29.067
29.106
29.709
29.77
29.223
28.723
27.389
27.052
27.068
27.012
27.883
27.699
27.154
26.664
25.779
25.563
25.713
26.271
27.759
28.48
28.861
28.915
28.543
28.438
28.162
28.294
28.18
28.232
28.475
28.288
28.614
28.44
28.602
28.927
29.484
29.42
28.834
28.32
27.303
26.969
26.945
27.333
28.052
27.862
27.097
26.73
26.0
25.634
25.796
25.973
26.999
27.865
28.478
28.595
28.25
27.993
28.034
27.984
27.784
28.089
28.02
28.134
28.15
28.115
28.382
28.665
28.894
28.945
28.079
27.641
27.058
26.819
26.621
26.577
27.917
27.955
27.117
26.787
25.797
25.566
25.929
25.983
26.772
27.52
28.444
28.33
28.232
27.974
27.926
27.892
27.842
27.829
27.838
27.88
28.041
28.015
28.341
28.484
28.76
28.663
28.119
27.55
26.728
26.713
26.776
26.784
27.861
28.29
27.476
27.321
26.936
26.67
26.419
26.335
26.735
27.189
28.119
28.148
27.908
27.781
27.682
27.89
27.694
27.83
27.771
27.871
27.872
27.832
28.185
28.222
28.331
28.255
27.297
27.169
26.908
26.757
27.152
26.954
28.195
28.079
27.622
27.638
27.673
27.605
27.392
27.068
27.16
27.468
27.984
27.972
27.783
27.845
27.721
27.799
27.666
27.571
27.729
27.688
27.823
27.732
28.041
28.211
28.477
28.261
27.534
27.511
27.297
27.146
26.996
27.002
28.82
28.147
28.121
27.691
28.218
28.35
28.489
28.394
28.223
28.25
28.182
28.124
28.062
27.985
27.882
27.922
28.048
27.928
27.818
28.0
28.104
28.143
28.348
28.464
28.52
28.341
28.492
28.373
28.311
27.689
27.045
26.987
28.352
28.245
28.002
28.015
28.132
28.514
28.638
28.741
28.467
28.274
28.412
28.39
28.366
28.337
28.442
27.996
28.266
28.254
28.455
28.336
28.505
28.323
28.592
28.757
28.761
28.654
28.736
28.979
28.327
27.723
27.332
27.211
28.832
28.256
28.389
28.056
28.306
28.676
28.837
28.803
28.825
28.83
28.926
29.124
28.824
28.939
29.281
29.027
29.09
29.124
29.287
29.123
29.104
29.041
29.128
29.261
29.256
29.059
29.197
28.836
28.285
27.708
27.404
27.847
28.86
28.559
28.262
27.841
28.337
28.626
28.884
29.208
29.194
28.878
28.876
29.159
29.068
29.146
29.344
29.232
29.426
29.246
29.358
29.522
29.27
29.273
29.28
29.288
29.186
29.228
28.99
29.13
28.163
27.325
27.547
27.567
29.265
28.736
28.686
28.3
28.268
28.655
29.837
29.562
29.401
29.288
29.708
29.576
29.641
29.545
29.637
29.737
30.001
29.927
30.037
29.86
29.752
29.677
29.933
29.636
29.543
29.436
29.369
29.238
27.946
27.478
27.805
27.769
29.868
28.769
28.268
28.784
28.479
28.665
29.95
29.814
29.607
29.725
29.913
29.669
29.635
29.722
30.146
29.925
30.107
30.117
30.146
30.027
29.847
29.765
30.041
29.963
29.864
29.425
29.582
29.065
27.833
27.734
27.637
28.059
