36.873
34.642
33.087
33.272
32.171
32.031
32.203
31.888
31.858
31.302
31.918
31.726
31.848
31.523
31.694
31.503
31.652
31.457
31.474
31.659
31.753
31.359
31.721
31.677
31.929
31.474
31.823
32.007
32.293
31.82
33.49
33.998
34.441
33.907
32.605
32.896
32.138
32.239
31.716
31.902
31.412
31.739
31.828
31.743
31.434
31.788
31.727
31.744
31.471
31.815
31.73
32.024
31.683
31.854
31.687
31.926
31.588
31.781
31.93
32.144
31.744
32.136
32.539
33.412
32.895
31.772
32.308
32.117
31.965
31.5
31.532
31.42
31.49
31.255
32.022
31.716
31.73
31.6
31.924
31.786
31.618
31.5
31.82
31.821
31.791
31.497
31.961
31.964
31.92
31.781
31.751
31.79
31.742
31.586
31.73
32.032
32.0
31.722
32.092
31.977
31.492
31.403
31.358
31.715
31.46
31.854
31.946
32.07
31.645
31.831
31.841
31.916
31.563
31.859
31.946
32.036
31.717
31.955
32.091
32.202
31.856
32.281
31.835
31.931
31.845
31.763
31.887
31.795
30.778
30.502
31.164
31.171
31.116
30.997
31.071
31.255
31.886
31.784
32.421
32.204
32.364
32.17
32.43
32.545
32.5
32.476
32.606
32.667
32.665
32.386
32.554
32.473
32.594
32.301
32.481
32.132
31.871
31.494
31.872
31.625
30.016
30.591
30.889
31.085
30.723
31.077
31.169
31.437
31.839
32.444
32.833
33.093
32.727
33.103
33.142
33.354
33.454
33.447
33.29
33.582
33.207
33.429
33.138
33.304
32.832
32.862
32.786
32.525
31.716
31.811
31.856
32.008
29.677
29.709
30.417
30.009
30.235
30.227
31.3
31.737
32.921
33.135
33.811
33.874
33.694
33.321
33.716
33.752
33.885
33.388
33.763
33.788
34.052
34.055
34.343
34.143
34.574
34.197
34.134
33.691
32.525
32.007
31.524
31.451
29.098
29.355
29.745
29.705
29.398
29.848
30.414
31.469
32.364
32.792
33.029
33.028
32.277
32.108
32.142
32.526
32.171
32.373
32.023
32.153
32.424
32.611
33.234
33.244
33.612
34.107
34.266
34.152
32.862
32.207
31.68
31.358
28.84
28.747
28.994
28.213
26.961
26.318
27.049
27.629
30.017
30.331
31.308
30.945
30.378
29.608
30.183
30.256
30.303
30.088
29.941
29.856
30.051
30.07
30.219
30.173
31.163
31.153
31.553
31.228
29.599
29.309
30.95
30.992
28.457
28.297
27.733
26.762
25.608
25.921
26.582
27.451
29.452
30.269
30.843
30.795
29.787
29.564
29.75
30.038
29.961
30.033
29.604
29.812
29.705
29.929
30.123
30.277
30.962
31.343
31.222
30.659
28.556
28.683
30.561
30.795
28.235
27.705
26.857
26.383
25.703
25.429
26.367
26.779
29.062
29.314
29.909
29.794
29.442
28.951
29.133
29.268
29.35
29.263
29.296
29.201
29.461
29.37
29.836
30.041
30.822
30.598
30.445
29.756
27.854
27.118
27.371
27.424
27.873
27.723
26.933
26.411
25.412
25.595
26.105
26.731
28.615
29.269
29.731
29.665
29.044
28.922
28.812
28.914
28.958
29.003
28.889
28.994
29.046
29.333
29.489
29.808
30.35
30.432
29.933
29.357
27.535
27.27
27.174
27.558
27.963
27.629
26.958
26.366
25.703
25.292
25.966
26.227
28.165
28.44
29.14
29.044
28.902
28.318
28.511
28.18
28.283
28.194
28.511
28.332
28.653
28.479
28.986
29.156
29.889
29.55
29.11
28.384
27.128
26.921
27.295
27.021
27.752
27.651
27.281
26.63
25.533
25.877
25.787
26.165
27.722
28.482
28.817
29.005
28.338
28.37
28.269
28.307
28.129
28.17
28.191
28.379
28.406
28.692
28.73
28.93
29.176
29.418
28.808
28.306
27.056
26.943
26.678
27.005
28.144
27.441
27.321
26.472
25.866
25.614
25.787
25.844
27.272
27.737
28.653
28.716
28.261
27.944
28.124
27.778
28.031
27.884
28.031
28.007
28.241
28.152
28.386
28.716
28.984
28.817
28.379
27.404
27.033
26.808
26.989
26.729
27.637
28.048
27.25
27.008
25.894
25.881
25.696
25.973
26.734
27.7
28.232
28.504
28.024
28.065
27.877
27.904
27.714
27.763
27.79
28.052
27.829
28.107
28.3
28.395
28.539
28.566
27.779
27.533
26.715
26.807
26.919
26.737
28.109
28.011
27.568
27.06
26.793
26.426
26.407
26.206
26.732
27.06
28.122
28.107
27.917
27.57
27.936
27.843
27.865
27.543
27.862
27.744
27.963
27.704
28.095
28.276
28.422
28.127
27.389
26.927
27.0
26.749
26.965
26.967
27.906
28.322
27.76
27.731
27.659
27.584
27.262
27.266
27.126
27.56
27.944
28.064
27.738
27.852
27.51
27.809
27.618
27.744
27.683
27.78
27.608
27.91
28.096
28.211
28.156
28.253
27.514
27.604
27.166
26.989
26.864
26.949
28.267
28.17
28.073
27.697
28.31
28.105
28.472
28.266
28.413
28.122
28.273
28.087
27.982
27.683
27.973
27.794
28.054
27.715
27.993
27.872
28.105
27.926
28.061
28.336
28.511
28.212
28.583
28.477
28.151
27.815
27.138
27.163
28.218
28.65
27.87
27.97
28.244
28.489
28.509
28.616
28.338
28.366
28.377
28.482
28.238
28.429
28.314
28.259
28.224
28.345
28.327
28.428
28.287
28.506
28.464
28.848
28.428
28.641
28.72
28.717
28.069
28.077
27.199
27.462
28.4
28.124
28.333
27.926
28.269
28.421
29.044
28.789
29.02
28.599
29.017
28.9
28.915
28.811
29.013
29.081
29.091
28.907
29.377
28.996
29.194
28.913
29.319
29.337
29.24
28.819
29.168
28.955
28.514
27.717
27.498
27.549
28.543
28.486
27.823
28.084
28.206
28.847
29.339
29.184
28.851
28.759
29.048
29.25
28.752
29.143
29.124
29.415
29.116
29.338
29.322
29.333
29.238
29.267
29.358
29.483
29.057
29.206
29.353
29.475
28.169
27.564
27.575
27.661
29.563
28.604
28.779
28.483
28.361
28.525
29.68
29.558
29.718
29.272
29.367
29.342
29.631
29.518
29.926
29.809
29.798
29.703
30.027
29.932
29.739
29.342
29.693
29.621
29.516
29.426
29.592
29.108
27.89
27.345
28.072
27.814
29.499
29.458
28.63
28.556
28.057
28.759
29.819
29.906
29.592
29.703
29.783
29.652
29.609
29.813
29.916
30.016
29.979
30.308
30.119
30.22
29.718
29.857
29.799
29.824
29.494
29.518
29.45
29.158
27.699
27.983
27.501
27.971
