35.868
35.029
33.469
33.478
32.385
32.023
31.936
32.028
31.607
31.559
32.055
31.846
31.851
31.634
31.696
31.964
31.538
31.449
31.593
31.77
31.638
31.472
31.735
31.799
31.951
31.746
32.015
32.316
32.345
31.989
33.371
34.287
35.64
33.788
33.02
32.97
32.288
31.805
31.854
31.929
31.665
31.751
31.82
31.997
31.769
31.672
31.494
31.854
31.574
31.477
31.722
31.909
31.56
31.621
31.928
31.935
31.713
31.664
32.07
32.028
32.062
31.851
32.739
33.292
33.067
31.999
32.364
32.277
31.85
31.636
31.813
31.677
31.493
31.364
31.908
31.708
31.72
31.488
31.913
31.777
31.805
31.789
31.809
31.813
31.89
31.703
31.846
32.072
31.805
31.773
31.906
31.922
31.626
31.882
31.967
32.394
31.742
31.605
31.919
32.024
31.198
31.564
31.606
31.6
31.567
31.399
32.046
32.171
31.838
31.716
31.833
32.0
31.947
31.84
32.139
32.12
31.812
31.839
31.974
32.31
31.848
31.81
32.089
31.815
31.693
31.646
32.051
32.028
30.464
30.672
31.202
31.464
31.264
31.12
31.199
31.365
31.664
31.776
32.307
32.494
32.157
32.069
32.408
32.537
32.569
32.645
32.583
32.752
32.551
32.474
32.54
32.672
32.372
32.293
32.366
31.87
31.89
31.486
31.756
31.944
30.009
30.473
31.033
31.116
30.844
30.832
31.28
31.437
31.831
32.227
32.922
33.075
32.989
32.989
33.223
33.328
33.357
33.332
33.458
33.738
33.475
33.314
33.323
33.39
33.138
32.961
32.659
32.654
31.708
31.558
31.696
32.049
29.559
29.539
30.017
30.001
30.367
30.219
31.295
31.729
32.904
33.221
33.61
33.954
33.497
33.396
33.603
33.911
33.772
33.624
33.984
33.78
33.853
33.959
34.504
34.227
34.461
34.288
34.243
33.683
32.533
31.999
31.698
31.444
28.925
29.236
29.598
29.725
29.759
29.731
30.623
31.461
32.641
32.77
33.108
33.177
32.352
31.993
32.298
32.495
32.243
32.178
32.098
32.123
32.331
32.669
33.135
33.314
33.7
33.993
34.476
34.037
32.853
32.215
31.673
31.539
29.041
28.739
28.876
28.205
26.602
26.545
27.039
27.621
29.996
30.504
31.193
31.109
30.18
29.682
30.067
30.41
30.344
30.16
29.825
29.848
29.935
29.978
30.28
30.256
30.953
31.145
31.543
31.22
29.482
29.55
30.833
31.127
28.606
28.178
27.726
27.044
25.84
25.685
26.787
27.54
29.632
29.973
30.835
30.594
29.942
29.528
29.821
30.003
30.03
29.917
29.675
29.695
29.86
29.646
30.028
30.25
31.232
31.418
31.214
30.649
28.667
28.688
30.823
30.817
28.269
27.995
27.007
26.376
25.584
25.647
26.142
26.771
29.128
29.483
29.963
29.786
29.326
29.179
29.173
29.26
29.234
29.332
29.18
29.273
29.345
29.362
29.889
30.033
30.615
30.683
30.329
29.854
27.735
27.597
27.251
27.559
28.017
27.751
26.792
26.555
25.523
25.475
26.203
26.512
28.698
29.064
29.469
29.548
29.114
29.04
28.882
28.875
29.025
28.809
28.96
29.036
29.119
29.055
29.566
29.867
30.433
30.223
30.028
29.45
27.759
27.271
27.303
27.296
27.995
27.763
26.968
26.613
25.698
25.616
26.051
26.319
28.138
28.609
29.024
29.119
28.707
28.469
28.395
28.25
28.243
28.262
28.473
28.56
28.618
28.471
28.955
29.06
29.773
29.542
29.298
28.587
27.127
26.914
27.31
27.014
28.046
27.672
27.016
26.638
25.754
25.315
25.984
26.145
27.714
28.365
28.893
29.054
28.565
28.174
28.339
28.268
28.121
28.129
28.34
28.42
28.479
28.413
28.807
29.077
29.44
29.3
28.801
28.398
27.048
26.942
27.075
27.025
28.322
27.433
27.202
26.721
25.746
25.828
25.973
25.836
26.972
27.729
28.284
28.543
28.144
28.015
28.164
28.007
27.993
27.876
27.993
27.999
28.124
28.144
28.355
28.619
28.774
28.903
28.261
27.721
26.913
26.68
26.869
26.864
27.927
27.783
27.506
26.888
26.001
25.428
25.893
25.957
26.818
27.493
28.393
28.47
28.097
28.027
27.869
27.945
27.707
27.803
27.942
27.773
28.07
27.906
28.292
28.547
28.81
28.637
27.982
27.632
26.589
26.686
27.187
26.899
28.144
27.853
27.583
27.184
26.674
26.645
26.498
26.094
26.708
27.053
28.092
27.927
27.717
27.645
27.656
27.835
27.668
27.535
27.825
27.9
27.845
27.781
28.249
28.177
28.305
28.119
27.488
27.032
27.121
26.493
26.844
27.251
27.899
28.202
27.753
27.744
27.535
27.578
27.36
27.356
27.213
27.441
28.025
28.121
27.73
27.65
27.668
27.691
27.529
27.625
27.757
27.745
27.774
27.62
28.27
28.093
28.341
27.836
27.616
27.371
27.399
26.868
27.282
27.123
28.308
28.162
28.094
27.826
28.191
28.097
28.354
28.365
28.295
28.114
28.064
28.17
28.035
27.849
27.855
27.786
27.765
27.877
27.876
27.95
27.898
28.007
28.132
28.522
28.695
28.41
28.577
28.586
28.284
27.679
27.166
27.001
28.375
28.373
28.147
28.127
28.115
28.37
28.501
28.497
28.33
28.345
28.462
28.456
28.144
28.311
28.393
28.141
28.303
27.968
28.319
28.483
28.369
28.387
28.551
28.829
28.624
28.523
28.94
28.717
28.317
27.826
27.343
27.496
28.454
28.117
28.213
28.063
28.408
28.539
28.925
28.668
29.007
28.591
28.998
28.892
28.706
28.895
29.255
28.983
29.063
28.988
29.26
29.172
29.172
28.906
29.303
29.329
29.016
29.034
28.928
29.195
28.395
27.568
27.695
27.542
28.717
28.364
28.579
28.26
28.198
28.727
29.098
29.297
28.844
28.851
29.04
29.231
29.026
29.025
29.299
29.389
29.108
29.219
29.5
29.496
29.133
29.344
29.556
29.574
29.158
29.087
29.469
28.976
28.023
27.442
27.568
27.708
29.237
28.968
28.658
28.476
28.383
28.789
29.686
29.55
29.487
29.264
29.573
29.441
29.413
29.31
29.61
29.801
29.779
29.89
30.11
29.724
29.725
29.748
29.576
29.613
29.398
29.418
29.605
29.236
27.621
27.64
28.124
27.807
29.951
28.741
28.623
28.595
28.05
28.499
29.938
29.787
29.585
29.469
29.667
29.752
29.704
29.695
29.908
30.102
30.071
30.09
30.213
30.204
29.92
29.949
29.904
29.589
29.487
29.519
29.711
29.176
27.994
27.86
27.672
28.215
