35.847
35.519
33.45
33.356
32.531
32.278
31.766
31.971
31.995
31.915
31.785
31.936
31.833
31.842
31.444
31.82
31.635
31.655
31.458
31.86
31.738
32.047
31.974
32.149
32.071
32.116
31.688
32.25
32.327
32.257
33.112
34.09
35.738
34.104
33.323
32.761
32.538
32.104
31.946
31.768
31.756
31.733
31.91
31.979
31.974
31.654
31.922
31.61
31.665
31.681
31.813
31.776
32.109
31.719
31.895
31.916
32.202
31.78
31.866
32.009
32.479
32.165
32.626
33.271
33.337
32.561
32.346
32.2
32.126
32.299
31.795
31.635
31.593
32.039
32.001
32.134
31.807
31.888
31.791
31.867
31.787
31.879
31.791
32.006
31.979
31.9
31.941
32.279
32.029
32.109
31.887
31.734
31.907
32.278
31.771
32.119
32.585
31.79
31.846
32.005
31.86
31.545
31.697
31.581
31.888
31.72
32.136
31.937
32.231
31.897
31.823
31.981
32.037
31.918
32.229
31.903
32.006
32.028
32.065
31.956
32.172
32.028
31.918
31.931
31.929
31.774
32.314
31.833
30.838
31.119
31.337
31.255
31.377
31.211
31.424
31.691
31.967
32.29
32.289
32.484
32.418
32.436
32.391
32.626
32.643
32.734
32.566
32.841
32.533
32.945
32.422
32.762
32.678
32.495
32.225
32.088
31.737
31.997
31.737
32.362
30.465
30.625
31.275
30.802
31.193
30.813
31.489
31.419
32.129
32.518
33.108
32.866
32.988
32.971
33.4
33.223
33.622
33.486
33.635
33.541
33.656
33.389
33.316
33.172
33.332
33.05
32.63
32.513
32.192
31.946
32.092
31.87
30.043
30.118
30.281
30.372
30.348
30.552
31.277
31.711
32.983
33.595
33.681
34.043
33.648
33.736
33.669
33.916
33.918
33.795
33.8
33.784
34.093
34.222
34.487
34.409
34.541
34.476
34.003
33.887
32.763
32.593
31.68
31.69
29.512
29.693
29.83
29.43
29.973
29.95
30.821
31.336
32.73
32.753
33.283
32.896
32.608
32.058
32.47
32.394
32.494
32.322
32.188
32.105
32.42
32.565
33.315
33.205
33.981
33.976
34.238
34.13
33.065
32.321
31.765
31.071
28.862
29.13
28.857
28.431
26.582
26.989
27.019
27.713
30.072
30.865
31.175
31.113
30.245
30.017
30.049
30.338
30.56
30.489
29.887
30.1
30.082
30.322
30.262
30.529
31.123
31.623
31.525
31.311
29.583
29.891
30.951
31.504
28.856
28.602
27.686
27.024
26.291
25.781
26.774
27.313
29.91
30.314
31.01
30.661
30.195
29.59
29.833
29.984
30.429
30.135
29.845
29.757
30.033
29.794
30.293
30.232
31.23
31.4
31.409
30.523
28.879
28.916
30.915
30.797
28.25
28.088
26.718
26.602
25.802
25.74
26.229
26.763
29.201
29.751
30.029
30.125
29.466
29.348
28.999
29.429
29.522
29.5
29.082
29.444
29.652
29.534
29.956
30.299
30.688
31.146
30.104
29.84
27.949
27.57
27.37
27.796
28.414
28.024
27.02
26.535
25.854
25.679
26.296
26.593
28.971
29.31
29.729
29.612
29.362
29.021
28.973
28.778
29.116
29.021
29.051
29.097
29.371
29.198
29.572
29.761
30.433
30.669
30.017
29.43
27.852
27.371
27.398
27.417
28.126
28.14
26.948
26.833
25.908
25.71
25.827
26.412
28.21
28.964
29.172
29.21
28.845
28.797
28.376
28.418
28.453
28.582
28.454
28.651
28.68
28.804
28.937
29.239
29.755
29.913
29.28
28.68
27.343
27.366
27.156
27.39
28.291
27.934
27.368
26.618
25.849
25.626
26.077
26.125
27.898
28.522
29.067
28.869
28.813
28.393
28.431
28.171
28.288
28.416
28.431
28.322
28.732
28.475
28.984
28.882
29.531
29.468
28.893
28.274
27.376
26.922
27.035
27.004
28.302
27.819
26.918
27.071
25.84
25.921
25.749
26.032
27.044
27.998
28.349
28.552
28.364
28.42
27.988
28.098
28.053
28.2
27.816
28.171
28.353
28.319
28.423
28.8
28.941
29.088
28.242
27.706
26.893
27.375
26.849
27.101
28.319
27.908
27.469
26.868
26.209
25.629
25.987
25.936
26.911
27.563
28.316
28.368
28.269
28.008
28.04
28.005
27.956
27.783
27.954
27.996
28.245
28.136
28.471
28.438
28.995
28.711
28.285
27.503
27.038
26.908
27.281
26.878
28.28
28.246
27.563
27.541
26.889
26.965
26.478
26.396
26.784
27.421
28.073
28.191
27.946
27.902
27.555
27.927
27.729
27.786
27.806
27.828
27.827
28.044
28.32
28.36
28.381
28.507
27.25
27.238
27.101
27.084
26.824
26.91
28.307
28.182
27.847
27.458
27.98
27.558
27.559
27.232
27.402
27.515
28.118
28.101
27.99
27.799
27.925
27.672
27.865
27.687
27.932
27.726
27.779
27.773
28.271
28.165
28.433
28.115
27.71
27.577
27.614
27.223
27.236
27.249
28.45
28.257
27.934
28.056
28.532
28.422
28.443
28.565
28.474
28.303
28.228
28.262
28.102
28.114
27.922
27.878
27.917
27.969
27.688
28.213
28.148
28.278
28.208
28.517
28.776
28.606
28.558
28.679
28.39
28.031
26.997
27.405
28.472
28.353
28.243
27.968
28.452
28.468
28.705
28.695
28.722
28.326
28.554
28.529
28.495
28.379
28.486
28.294
28.481
28.467
28.497
28.29
28.552
28.368
28.835
28.809
28.921
28.712
28.919
28.815
28.665
28.066
27.439
27.474
28.609
28.704
28.342
28.157
28.389
28.759
28.791
28.988
28.988
29.096
28.88
29.081
28.963
29.26
28.877
29.164
29.223
29.438
29.332
29.263
29.058
29.19
29.183
29.319
29.317
29.35
29.151
29.165
28.647
27.805
27.834
27.803
29.357
28.679
28.371
27.942
28.425
28.835
29.309
29.046
29.257
29.042
29.333
29.212
29.399
29.194
29.666
29.37
29.474
29.474
29.592
29.383
29.419
29.423
29.546
29.45
29.36
29.181
29.317
29.21
28.396
27.997
27.826
27.518
29.83
29.063
28.477
28.571
28.505
29.154
29.914
29.767
29.695
29.806
29.446
29.64
29.897
29.802
29.79
29.893
30.054
30.176
29.991
30.016
30.015
29.634
29.667
29.819
29.85
29.866
29.586
29.33
28.344
27.887
27.93
27.905
30.282
29.115
28.886
28.574
28.291
28.754
30.034
29.893
29.91
29.678
29.979
29.732
30.004
29.675
30.002
30.083
30.364
30.07
30.407
30.185
30.118
29.824
30.222
30.031
29.821
29.62
29.806
29.293
28.391
27.839
28.126
28.009
