37.304
35.418
33.823
33.472
32.651
32.016
32.189
32.169
31.979
31.816
32.029
31.966
31.952
31.389
31.68
31.723
31.753
31.671
31.927
31.882
31.857
31.586
31.964
31.922
32.19
32.017
31.963
32.31
32.449
32.507
33.478
34.578
35.235
34.57
32.803
32.883
31.964
32.225
32.14
31.888
31.527
32.108
31.692
32.098
31.647
31.774
31.6
31.955
31.455
31.911
31.939
32.124
31.897
31.839
32.046
31.912
31.705
31.902
31.915
32.284
32.055
32.123
32.733
33.403
33.752
32.695
32.123
32.102
32.098
31.772
31.782
31.67
31.712
31.707
32.007
32.036
31.924
31.584
32.012
31.77
31.904
31.682
31.7
31.909
32.096
31.695
32.171
32.181
32.147
31.766
32.143
31.775
32.028
31.876
32.247
32.388
32.235
32.118
32.243
32.289
31.619
31.666
31.727
31.829
31.56
31.839
32.038
32.379
31.932
32.015
31.826
32.099
31.842
31.94
32.132
32.121
31.908
31.94
32.185
32.299
31.957
32.385
32.213
32.188
31.686
31.75
32.386
32.31
31.157
31.02
31.458
31.607
31.497
30.982
31.421
31.476
31.871
31.981
32.306
32.487
32.348
32.246
32.599
32.62
32.758
32.549
32.591
32.651
32.84
32.466
32.739
32.561
32.687
32.507
32.344
32.117
32.126
31.619
32.327
32.1
30.365
30.749
31.026
31.219
30.837
31.19
31.391
31.997
31.927
32.429
33.108
33.174
32.891
33.177
33.392
33.339
33.437
33.601
33.45
33.657
33.559
33.413
33.315
33.289
32.921
33.383
32.89
32.633
32.224
32.204
31.993
31.996
29.832
29.695
30.544
29.995
30.593
30.454
31.395
31.939
33.196
33.308
33.883
33.946
33.846
33.639
33.783
33.736
33.951
33.779
33.831
33.941
34.122
34.038
34.693
34.498
34.558
34.181
34.453
33.79
32.634
32.118
31.946
31.59
29.412
29.818
29.87
29.691
29.751
29.834
30.723
31.241
32.538
32.963
33.186
33.188
32.177
32.258
32.373
32.676
32.478
32.277
32.257
32.39
32.408
32.854
33.309
33.597
33.596
34.092
34.359
34.359
32.846
32.442
31.666
31.346
29.305
28.881
28.98
28.332
26.948
26.655
27.143
27.718
30.285
30.496
31.293
31.015
30.28
29.674
30.407
30.402
30.677
30.232
29.846
30.002
30.118
30.224
30.645
30.522
31.241
31.429
31.854
31.646
29.824
29.543
31.209
31.262
28.599
28.727
27.719
27.284
26.072
26.024
26.781
27.541
29.811
30.344
30.997
30.865
29.934
29.71
29.893
30.264
30.177
30.254
29.826
29.797
29.853
29.998
30.195
30.352
31.131
31.615
31.31
30.752
28.541
28.918
30.816
31.063
28.374
27.542
27.113
26.236
25.809
25.752
26.353
26.865
29.23
29.564
30.148
30.028
29.506
29.171
29.274
29.331
29.64
29.402
29.36
29.265
29.609
29.436
30.159
30.113
30.897
30.954
30.43
29.952
27.957
27.469
27.635
27.695
28.162
28.004
26.785
26.662
25.634
25.805
26.091
26.717
28.6
29.431
29.716
29.732
29.185
29.063
28.952
29.055
29.018
28.988
28.952
29.297
29.111
29.48
29.727
29.882
30.334
30.604
30.123
29.659
27.752
27.74
27.57
27.547
28.401
27.898
27.203
26.479
25.804
25.609
26.156
26.312
28.241
28.689
29.208
29.195
28.809
28.54
28.575
28.397
28.497
28.331
28.497
28.631
28.882
28.625
28.972
29.317
29.875
29.535
29.401
28.895
27.35
27.265
27.416
27.289
28.04
28.061
27.139
27.0
25.748
25.864
25.875
26.449
27.798
28.644
29.134
29.073
28.636
28.514
28.254
28.448
28.189
28.461
28.411
28.523
28.552
28.597
28.8
29.092
29.341
29.591
28.998
28.503
27.158
27.05
27.203
27.556
28.132
27.573
27.44
26.971
26.08
25.71
25.977
25.932
27.258
27.899
28.806
28.536
28.405
28.086
28.267
28.079
28.173
27.946
28.175
28.152
28.391
28.137
28.544
28.701
28.969
28.708
28.469
27.606
27.137
27.034
26.976
27.142
28.217
28.036
27.368
26.867
25.88
25.979
25.887
26.166
26.903
27.952
28.386
28.407
28.249
28.13
28.02
28.049
27.778
27.828
28.014
27.877
28.146
28.176
28.459
28.74
28.71
28.928
28.08
27.738
27.055
27.157
26.906
26.867
28.406
27.847
27.689
27.573
26.897
26.639
26.603
26.192
27.002
27.23
28.371
28.006
28.067
27.72
27.84
27.828
27.77
27.687
27.847
27.893
28.034
27.945
28.261
28.442
28.598
28.21
27.702
27.25
27.227
26.735
27.092
27.391
28.205
28.31
28.016
27.984
27.88
27.797
27.354
27.462
27.302
27.546
28.196
28.137
27.723
28.006
27.661
28.038
27.684
27.89
27.75
27.932
27.853
27.896
28.172
28.289
28.141
28.339
27.61
27.591
27.272
27.227
27.276
27.234
28.578
28.616
28.201
28.092
28.417
28.206
28.675
28.572
28.498
28.301
28.442
28.253
28.224
27.928
28.044
27.949
28.124
27.87
28.063
28.114
28.27
28.089
28.424
28.515
28.698
28.506
28.682
28.463
28.389
27.801
27.422
27.304
28.698
28.327
27.999
28.235
28.109
28.829
28.715
28.711
28.423
28.549
28.732
28.652
28.395
28.503
28.387
28.331
28.209
28.418
28.398
28.5
28.452
28.674
28.831
28.933
28.617
28.941
28.82
28.823
28.31
28.065
27.638
27.607
29.088
28.275
28.618
28.2
28.385
28.659
29.03
28.889
29.111
28.791
29.003
28.982
28.993
28.979
29.179
29.066
29.166
29.071
29.272
29.256
29.275
28.994
29.305
29.322
29.439
28.804
29.275
29.189
28.365
27.562
27.645
28.029
28.893
28.811
28.574
28.221
28.061
29.09
29.209
29.287
29.051
29.062
29.233
29.335
29.206
29.317
29.384
29.584
29.465
29.506
29.4
29.6
29.319
29.351
29.651
29.47
29.26
29.307
29.339
29.59
28.156
27.84
27.724
27.987
29.961
28.59
28.606
28.783
28.632
28.647
30.162
29.543
29.818
29.37
29.569
29.648
29.919
29.503
29.912
29.993
30.175
29.687
30.113
30.017
29.931
29.638
29.9
29.946
29.738
29.411
29.711
29.365
28.471
27.634
27.715
28.16
30.403
29.645
28.948
29.029
28.188
28.885
30.312
29.767
29.578
30.147
29.77
29.858
29.801
29.903
30.003
30.207
29.964
30.195
30.206
30.309
29.703
30.16
29.898
30.043
29.6
29.749
29.705
29.285
27.837
28.281
28.023
28.147
