36.276
35.385
33.928
33.439
32.509
32.31
31.896
31.988
31.973
31.651
31.888
31.933
31.692
31.593
31.772
31.924
31.265
31.638
31.552
31.848
31.597
31.431
31.694
32.018
32.049
32.123
31.974
32.435
32.305
32.299
33.572
34.251
35.202
34.088
33.191
32.931
32.406
32.399
31.96
32.175
31.623
31.711
31.9
32.079
31.842
31.403
31.903
31.926
31.532
31.769
31.794
31.753
31.748
31.814
32.012
32.019
31.804
31.893
32.03
32.141
32.346
31.978
32.7
33.498
33.607
32.895
32.152
32.237
31.809
31.882
31.904
31.636
31.334
31.674
31.978
31.891
31.888
31.756
31.768
31.839
31.663
31.748
31.768
31.979
31.742
31.768
31.917
32.032
31.885
31.977
31.865
31.882
31.735
31.994
32.103
32.171
32.946
32.178
32.045
31.984
31.87
31.385
31.566
31.942
31.641
31.698
32.112
31.914
31.898
31.675
31.792
31.959
32.003
31.895
32.098
32.079
31.977
31.902
32.151
32.045
32.156
32.125
32.179
31.91
31.797
31.754
32.182
32.164
31.598
31.516
31.315
31.423
31.091
30.948
31.279
31.324
31.623
32.053
32.265
32.354
32.301
32.305
32.459
32.586
32.527
32.427
32.45
32.804
32.7
32.528
32.498
32.424
32.439
32.474
32.325
32.083
31.849
31.864
31.872
31.742
31.593
30.947
31.294
30.929
30.932
30.792
31.357
31.396
31.893
32.289
32.687
32.842
32.857
32.679
33.181
33.199
33.403
33.291
33.505
33.428
33.341
33.089
33.185
33.149
32.992
32.813
32.856
32.613
32.19
31.654
31.96
31.851
30.355
30.308
30.118
30.24
30.326
30.42
31.144
31.579
32.862
33.275
33.832
34.001
33.708
33.438
33.727
33.786
33.975
33.827
33.859
33.823
33.983
34.092
34.463
34.186
34.224
34.246
34.313
33.984
32.616
32.084
31.948
31.709
29.706
29.673
29.837
29.547
29.595
29.571
30.474
30.993
32.409
32.915
33.066
33.048
32.477
32.283
32.174
32.536
32.525
32.622
32.39
32.585
32.459
32.886
33.456
33.641
33.754
34.147
34.543
34.218
33.054
32.423
31.775
31.648
28.361
28.248
28.836
28.432
26.681
26.621
26.997
27.371
29.859
30.281
31.323
31.153
30.469
29.803
30.025
30.206
30.458
30.516
30.023
29.968
30.141
30.19
30.415
30.579
31.194
31.298
32.028
31.72
30.397
29.757
31.338
31.371
28.252
28.581
28.216
27.137
26.037
25.877
26.534
27.084
29.403
30.112
31.131
30.893
29.982
29.647
29.543
29.961
30.22
30.191
29.871
29.895
29.9
29.772
30.161
30.119
31.004
31.377
31.381
30.823
28.745
28.895
30.918
31.338
27.923
27.209
26.156
26.335
25.78
25.606
26.101
26.528
28.904
29.442
30.176
29.994
29.6
29.294
29.131
29.297
29.651
29.522
29.297
29.231
29.547
29.402
29.932
30.168
30.755
30.735
30.698
30.024
28.16
27.557
27.764
27.945
26.909
26.826
26.214
26.251
25.718
25.658
26.267
26.371
28.475
29.2
29.767
29.755
29.307
28.998
28.918
28.99
29.059
29.075
28.918
29.234
29.238
29.175
29.44
29.738
30.3
30.646
30.191
29.829
27.718
27.834
27.4
27.681
26.742
26.582
26.411
26.318
25.772
25.575
26.01
26.476
27.915
28.655
29.149
29.244
28.901
28.664
28.588
28.518
28.506
28.449
28.588
28.676
28.657
28.752
29.254
29.283
29.732
29.687
29.562
28.757
27.557
27.112
27.269
27.256
26.642
26.641
26.46
26.47
25.828
25.606
25.841
26.004
27.49
28.324
29.183
29.013
28.524
28.45
28.61
28.304
28.383
28.393
28.298
28.536
28.437
28.533
28.851
29.123
29.307
29.539
29.066
28.673
27.241
27.26
27.304
27.267
27.09
26.364
26.367
26.681
26.046
25.676
25.83
25.898
26.931
27.687
28.494
28.585
28.421
28.365
28.123
28.123
27.951
27.912
28.031
28.198
28.247
28.185
28.487
28.756
29.196
28.955
28.428
27.897
27.108
26.88
26.966
27.108
26.841
26.718
26.806
26.591
25.96
25.72
25.853
26.019
26.685
27.63
28.352
28.512
28.295
28.223
27.907
27.983
27.822
27.84
27.98
28.134
28.029
28.114
28.425
28.506
28.955
28.784
28.256
27.918
27.021
27.009
26.872
27.001
27.327
27.362
27.005
27.012
26.868
26.718
26.562
26.47
26.572
27.011
28.314
28.145
27.923
27.768
27.941
27.955
27.866
27.732
27.703
27.859
27.889
27.825
28.207
28.227
28.454
28.176
27.665
27.328
26.96
26.824
27.084
27.066
27.388
27.257
27.309
27.305
27.728
27.538
27.425
27.42
27.172
27.307
27.984
28.08
27.773
27.945
27.957
27.731
27.73
27.665
27.88
27.87
27.732
27.751
28.229
28.235
28.395
28.094
27.576
27.557
27.358
27.328
27.1
27.379
27.782
27.505
27.491
27.649
28.271
28.404
28.638
28.538
28.452
28.267
28.206
28.31
27.994
27.981
27.9
27.915
27.895
27.751
27.919
27.909
27.947
28.055
28.28
28.481
28.553
28.575
28.649
28.778
28.495
27.767
27.423
27.424
27.676
27.552
27.537
27.671
28.196
28.447
28.681
28.998
28.389
28.403
28.698
28.415
28.361
28.181
28.266
28.186
28.434
28.273
28.364
28.269
28.328
28.346
28.892
28.788
28.685
28.587
28.899
28.912
28.53
27.917
27.604
27.613
27.888
27.911
27.724
28.023
28.368
28.624
29.23
29.083
28.862
28.757
29.055
29.143
28.94
28.853
29.124
29.032
29.111
28.947
29.31
29.131
29.036
29.152
29.262
29.186
29.295
28.993
29.372
29.155
28.491
27.669
27.497
27.832
28.316
28.325
27.93
28.072
28.421
28.815
29.408
29.488
29.017
29.127
29.0
29.289
29.265
28.985
29.259
29.44
29.249
29.362
29.459
29.455
29.285
29.206
29.515
29.429
29.226
29.161
29.306
29.444
28.122
27.834
27.691
27.669
29.403
28.556
28.296
28.28
28.485
28.749
30.017
29.758
29.447
29.672
29.641
29.721
29.574
29.569
29.867
29.86
29.836
29.848
30.069
30.083
29.581
29.707
29.645
29.912
29.593
29.377
29.565
29.331
28.176
27.6
27.912
28.126
30.142
28.902
28.42
28.557
28.01
28.46
29.899
30.001
29.66
29.658
29.954
29.822
29.767
29.758
30.173
29.96
30.13
30.149
30.274
30.164
29.984
29.803
29.976
30.127
29.686
29.601
29.805
29.137
28.105
27.976
27.99
28.545
